4,1,(
3,1,START
5,1,)
4,4,(
0,4,1
0,4,0xFF200000
3,4,WRITE
5,4,)
4,5,(
0,5,600
3,5,DELAY
5,5,)
4,6,(
0,6,0
0,6,0xFF200000
3,6,WRITE
5,6,)
4,7,(
0,7,450
3,7,DELAY
5,7,)
4,8,(
0,8,1
0,8,0xFF200000
3,8,WRITE
5,8,)
4,9,(
0,9,600
3,9,DELAY
5,9,)
4,10,(
0,10,0
0,10,0xFF200000
3,10,WRITE
5,10,)
4,11,(
0,11,900
3,11,DELAY
5,11,)
4,14,(
0,14,1
0,14,0xFF200000
3,14,WRITE
5,14,)
4,15,(
0,15,300
3,15,DELAY
5,15,)
4,16,(
0,16,0
0,16,0xFF200000
3,16,WRITE
5,16,)
4,17,(
0,17,900
3,17,DELAY
5,17,)
4,20,(
0,20,1
0,20,0xFF200000
3,20,WRITE
5,20,)
4,21,(
0,21,300
3,21,DELAY
5,21,)
4,22,(
0,22,0
0,22,0xFF200000
3,22,WRITE
5,22,)
4,23,(
0,23,450
3,23,DELAY
5,23,)
4,24,(
0,24,1
0,24,0xFF200000
3,24,WRITE
5,24,)
4,25,(
0,25,600
3,25,DELAY
5,25,)
4,26,(
0,26,0
0,26,0xFF200000
3,26,WRITE
5,26,)
4,27,(
0,27,450
3,27,DELAY
5,27,)
4,28,(
0,28,1
0,28,0xFF200000
3,28,WRITE
5,28,)
4,29,(
0,29,300
3,29,DELAY
5,29,)
4,30,(
0,30,0
0,30,0xFF200000
3,30,WRITE
5,30,)
4,31,(
0,31,450
3,31,DELAY
5,31,)
4,32,(
0,32,1
0,32,0xFF200000
3,32,WRITE
5,32,)
4,33,(
0,33,300
3,33,DELAY
5,33,)
4,34,(
0,34,0
0,34,0xFF200000
3,34,WRITE
5,34,)
4,35,(
0,35,900
3,35,DELAY
5,35,)
4,38,(
0,38,1
0,38,0xFF200000
3,38,WRITE
5,38,)
4,39,(
0,39,300
3,39,DELAY
5,39,)
4,40,(
0,40,0
0,40,0xFF200000
3,40,WRITE
5,40,)
4,41,(
0,41,450
3,41,DELAY
5,41,)
4,42,(
0,42,1
0,42,0xFF200000
3,42,WRITE
5,42,)
4,43,(
0,43,600
3,43,DELAY
5,43,)
4,44,(
0,44,0
0,44,0xFF200000
3,44,WRITE
5,44,)
4,45,(
0,45,450
3,45,DELAY
5,45,)
4,46,(
0,46,1
0,46,0xFF200000
3,46,WRITE
5,46,)
4,47,(
0,47,300
3,47,DELAY
5,47,)
4,48,(
0,48,0
0,48,0xFF200000
3,48,WRITE
5,48,)
4,49,(
0,49,450
3,49,DELAY
5,49,)
4,50,(
0,50,1
0,50,0xFF200000
3,50,WRITE
5,50,)
4,51,(
0,51,300
3,51,DELAY
5,51,)
4,52,(
0,52,0
0,52,0xFF200000
3,52,WRITE
5,52,)
4,53,(
0,53,900
3,53,DELAY
5,53,)
4,56,(
0,56,1
0,56,0xFF200000
3,56,WRITE
5,56,)
4,57,(
0,57,600
3,57,DELAY
5,57,)
4,58,(
0,58,0
0,58,0xFF200000
3,58,WRITE
5,58,)
4,59,(
0,59,450
3,59,DELAY
5,59,)
4,60,(
0,60,1
0,60,0xFF200000
3,60,WRITE
5,60,)
4,61,(
0,61,600
3,61,DELAY
5,61,)
4,62,(
0,62,0
0,62,0xFF200000
3,62,WRITE
5,62,)
4,63,(
0,63,450
3,63,DELAY
5,63,)
4,64,(
0,64,1
0,64,0xFF200000
3,64,WRITE
5,64,)
4,65,(
0,65,600
3,65,DELAY
5,65,)
4,66,(
0,66,0
0,66,0xFF200000
3,66,WRITE
5,66,)
4,68,(
3,68,END
5,68,)
